1 1 1 1 1 2 2 2 2 2 2 2 0 0 0 0 0 0 0 0 1 1 1 1 1 
1 1 1 2 2 2 2 2 2 2 2 2 0 0 0 0 0 0 0 0 1 1 1 1 1 
2 2 2 2 2 2 2 2 2 2 2 0 0 0 0 0 0 0 0 0 1 1 1 1 1
2 2 2 2 2 2 2 2 2 2 2 0 0 0 0 0 0 0 0 0 0 1 1 1 1
2 2 2 2 2 2 2 2 2 2 0 0 0 0 0 0 0 0 0 0 0 1 1 1 1
2 2 2 2 2 2 2 2 2 2 0 0 0 0 0 0 0 0 0 0 0 0 1 1 1 
2 2 2 2 2 2 2 2 2 2 0 0 0 0 0 0 0 0 0 0 0 0 1 1 1 
2 2 2 2 2 2 2 2 2 0 0 0 0 0 0 0 0 0 0 0 0 0 1 1 1 
2 2 2 2 2 2 2 2 0 0 0 0 0 0 0 0 0 0 0 0 0 0 0 1 1 
2 2 2 2 2 2 2 0 0 0 0 0 0 0 0 0 0 0 0 0 0 0 0 1 1 
2 2 2 2 2 2 2 0 0 0 0 0 0 0 0 0 0 0 0 0 0 0 0 1 1 
2 2 2 2 2 2 0 0 0 0 0 0 0 0 0 0 0 0 0 0 0 0 0 1 1 
0 0 0 0 0 0 0 0 0 0 0 0 0 0 0 0 0 0 0 x 0 0 0 1 1 
0 0 0 0 0 0 0 0 0 0 0 0 0 x 0 0 0 0 0 0 0 0 0 1 1 
0 0 0 0 0 0 0 0 0 0 0 0 0 0 0 0 x 0 0 0 0 0 0 1 1 
0 0 0 0 0 0 0 0 0 0 0 0 0 0 0 0 0 0 x x 0 0 0 1 1 
1 0 0 0 0 0 0 0 0 0 0 0 x 0 x 0 0 0 0 x x 0 1 1 1
1 1 0 0 0 0 0 0 0 x 0 x x 0 0 0 0 0 x 0 x 0 1 1 1
1 1 1 0 0 0 0 0 0 0 0 0 0 0 0 0 0 x 0 x x 0 1 1 1 
1 1 1 0 0 0 0 0 0 0 0 0 0 0 x 0 x x x x 0 0 1 1 1 
1 1 1 1 0 0 0 0 0 x x 0 0 0 0 0 0 x x 0 0 0 1 1 1 
1 1 1 1 1 0 0 0 0 0 0 0 0 x 0 0 0 0 0 0 0 1 1 1 1
1 1 1 1 1 1 0 0 0 0 0 0 x 0 0 0 0 0 x 0 1 1 1 1 1
1 1 1 1 1 1 1 1 1 1 1 1 1 1 1 1 1 1 1 1 1 1 1 1 1 
1 1 1 1 1 1 1 1 1 1 1 1 1 1 1 1 1 1 1 1 1 1 1 1 1